    No of GPS Satellites Available   Time Since Start of Day (seconds)   Latitude (degrees)   Longitude (degrees)   Velocity (km/hr)   Heading (degrees)   Height (km)   Vertical velocity (km/hr)   Sample period (seconds)   Steering Angle (degrees)   Wheel Speed Front Left (rad/sec)   Wheel Speed Front Right (rad/sec)   Wheel Speed Rear Left (rad/sec)   Wheel Speed Rear Right (rad/sec)   Yaw Rate (deg/sec)   Indicated Vehicle Speed (km/hr)   Indicated Longitudinal Acceleration (g)   Indicated Lateral Acceleration (g)   Handbrake (0 or 1)   Gear Requested (Number fof gear employed 1-5)   Gear (Number fof gear employed 1-5)   Engine Speed (rev/min)   Coolant Temperature (degrees)   Clutch Position (0 or 1)   Brake Pressure (psi)   Brake Position (0 or 1)   Battery Voltage (volts)   Air Temperature (degrees)   Accelerator Pedal Position (0 or 1)
0                             11.0                             32869.0            52.401719             -1.505333             19.969             241.713        110.19                        0.20                       0.1                  31.000000                           20.39999                            19.98000                          20.39000                           19.82999            -5.100006                             20.20                                   0.00000                             -0.10914                  0.0                                             3.0                                   3.0                   1342.0                            40.0                        0.0              -0.220001                       0.0                      14.3                        15.0                                   8.5
1                             11.0                             32869.1            52.401717             -1.505340             20.272             241.710        110.21                        0.21                       0.1                  29.799990                           20.43000                            19.81000                          20.39000                           19.68000            -5.799988                             20.14                                   0.00000                             -0.09996                  0.0                                             3.0                                   3.0                   1344.0                            40.0                        0.0               0.009979                       0.0                      14.3                        15.0                                  11.0
2                             11.0                             32869.2            52.401715             -1.505347             19.447             243.917        110.28                        0.26                       0.1                  25.700010                           20.48000                            19.84000                          20.28000                           19.73000            -5.600006                             20.09                                   0.00918                             -0.04998                  0.0                                             3.0                                   3.0                   1359.0                            40.0                        0.0               0.009979                       0.0                      14.3                        15.0                                  11.5
3                             11.0                             32869.3            52.401713             -1.505355             20.167             242.891        110.28                        0.23                       0.1                  20.399960                           20.43000                            19.96999                          20.35000                           19.87000            -4.799988                             20.15                                   0.01938                             -0.04998                  0.0                                             3.0                                   3.0                   1372.0                            40.0                        0.0              -0.220001                       0.0                      14.2                        15.0                                  12.5
4                             11.0                             32869.4            52.401711             -1.505362             20.146             243.114        110.28                        0.22                       0.1                  13.899960                           20.46999                            20.11000                          20.48000                           19.93000            -4.000000                             20.25                                   0.02958                             -0.01938                  0.0                                             3.0                                   3.0                   1353.0                            40.0                        0.0              -0.220001                       0.0                      14.3                        15.0                                  12.5
5                             11.0                             32869.5            52.401709             -1.505369             19.850             243.778        110.30                        0.22                       0.1                   7.099976                           20.56000                            20.21000                          20.46000                           20.25000            -3.199982                             20.35                                   0.04998                              0.00000                  0.0                                             3.0                                   3.0                   1333.0                            40.0                        0.0              -0.459991                       0.0                      14.3                        15.0                                  12.5
6                             11.0                             32869.6            52.401706             -1.505376             20.153             244.533        110.29                        0.20                       0.1                   2.000000                           20.68999                            20.53000                          20.63000                           20.43000            -1.799988                             20.53                                   0.05916                             -0.00918                  0.0                                             3.0                                   3.0                   1303.0                            40.0                        0.0              -0.220001                       0.0                      14.3                        15.0                                  11.0
7                             11.0                             32869.7            52.401704             -1.505384             20.419             244.845        110.30                        0.20                       0.1                   0.000000                           20.71999                            20.67000                          20.74000                           20.52000            -1.500000                             20.70                                   0.06936                              0.00000                  0.0                                             3.0                                   3.0                   1275.0                            40.0                        0.0               0.009979                       0.0                      14.2                        15.0                                   0.0
8                             11.0                             32869.8            52.401702             -1.505391             20.520             244.257        110.32                        0.20                       0.1                   0.000000                           20.84000                            20.68000                          20.77000                           20.62000            -0.600006                             20.74                                   0.05916                              0.00000                  0.0                                             3.0                                   3.0                   1261.0                            40.0                        0.0               0.009979                       0.0                      14.3                        15.0                                   0.0
9                             11.0                             32869.9            52.401700             -1.505399             20.657             244.700        110.34                        0.20                       0.1                   0.000000                           20.71000                            20.67000                          20.80000                           20.84000             0.100006                             20.75                                   0.03978                              0.00000                  0.0                                             3.0                                   3.0                   1325.0                            40.0                        0.0              -0.220001                       0.0                      14.3                        15.0                                   0.0
10                            11.0                             32870.0            52.401698             -1.505407             20.473             246.426        110.42                        0.26                       0.1                   0.000000                           20.54000                            20.64999                          20.67000                           20.68000             0.399994                             20.71                                   0.00918                              0.00918                  0.0                                             3.0                                   3.0                   1380.0                            40.0                        0.0              -0.220001                       0.0                      14.2                        15.0                                   0.0
11                            11.0                             32870.1            52.401696             -1.505414             20.574             245.294        110.45                        0.27                       0.1                   0.000000                           20.55000                            20.46999                          20.46000                           20.55000             0.800018                             20.56                                  -0.00918                              0.00918                  0.0                                             3.0                                   3.0                   1359.0                            40.0                        0.0              -0.220001                       0.0                      14.3                        15.0                                   0.0
12                            11.0                             32870.2            52.401694             -1.505421             20.311             244.964        110.50                        0.28                       0.1                   0.000000                           20.37000                            20.68000                          20.34000                           20.45000             1.399994                             20.45                                  -0.00918                              0.00000                  0.0                                             3.0                                   3.0                   1357.0                            40.0                        0.0              -0.220001                       0.0                      14.3                        15.0                                   0.0
13                            11.0                             32870.3            52.401692             -1.505429             20.333             245.292        110.55                        0.31                       0.1                   0.000000                           20.23000                            20.57000                          20.17000                           20.24000             1.100006                             20.09                                  -0.00918                              0.00000                  0.0                                             3.0                                   3.0                   1283.0                            40.0                        0.0              -0.220001                       0.0                      14.3                        15.0                                   0.0
14                            11.0                             32870.4            52.401690             -1.505436             19.944             245.711        110.59                        0.32                       0.1                   0.000000                           20.02000                            20.17000                          20.09000                           20.10000             2.000000                             20.22                                  -0.01938                              0.02958                  0.0                                             3.0                                   3.0                   1287.0                            40.0                        0.0              -0.220001                       0.0                      14.3                        15.0                                   0.0
15                            11.0                             32870.5            52.401688             -1.505443             19.728             244.373        110.62                        0.33                       0.1                   0.000000                           19.89999                            20.14999                          19.80000                           20.04000             2.600006                             20.06                                  -0.01938                              0.01938                  0.0                                             3.0                                   3.0                   1304.0                            40.0                        0.0               0.959991                       0.0                      14.3                        15.0                                   0.0
16                            11.0                             32870.6            52.401686             -1.505451             19.872             244.141        110.64                        0.33                       0.1                   0.000000                           19.64999                            19.88000                          19.62000                           19.85000             2.500000                             19.85                                  -0.01938                              0.00000                  0.0                                             3.0                                   3.0                   1311.0                            40.0                        0.0               5.239990                       1.0                      14.3                        15.0                                   0.0
17                            11.0                             32870.7            52.401684             -1.505458             19.602             244.335        110.64                        0.30                       0.1                   0.000000                           19.27000                            19.61000                          19.75000                           19.75999             2.700012                             19.43                                  -0.02958                              0.00000                  0.0                                             3.0                                   3.0                   1305.0                            41.0                        0.0               6.660004                       1.0                      14.3                        15.0                                   0.0
18                            11.0                             32870.8            52.401682             -1.505465             19.368             243.899        110.66                        0.29                       0.1                   0.000000                           19.14000                            19.28000                          18.96999                           19.25000             2.200012                             19.23                                  -0.04998                              0.01938                  0.0                                             3.0                                   3.0                   1315.0                            41.0                        0.0               7.380005                       1.0                      14.3                        15.0                                   0.0
19                            11.0                             32870.9            52.401680             -1.505471             19.019             243.211        110.65                        0.27                       0.1                   0.000000                           18.82999                            19.06000                          18.82999                           19.07000             2.500000                             18.94                                  -0.05916                             -0.00918                  0.0                                             3.0                                   3.0                   1299.0                            41.0                        0.0               6.899994                       1.0                      14.3                        15.0                                   0.0