    GPS LATITUDE (degrees)   GPS LONGITUDE (degrees)   GPS ALTITUDE (m)   GPS SPEED (Kmh)   GPS ACCURACY (m)   GPS ORIENTATION (Â°) GPS SATELLITES IN RANGE   TIME SINCE START (ms)  DATE (YYYY-MO-DD HH-MI-SS_SSS)   ACCELEROMETER X (m/s²)    ACCELEROMETER Y (m/s²)   ACCELEROMETER Z (m/s²)   GRAVITY X (m/s²)   GRAVITY Y (m/s²)   GRAVITY Z (m/s²)   GYROSCOPE X (rad/s)   GYROSCOPE Y (rad/s)   GYROSCOPE Z (rad/s)   MAGNETIC FIELD X (Î¼T)   MAGNETIC FIELD Y (Î¼T)   MAGNETIC FIELD Z (Î¼T)   ORIENTATION (Azimuth) (Â°)   ORIENTATION (Pitch) (Â°)   ORIENTATION (Roll ) (Â°)
0                 52.40166                  -1.50529              147.5              5.57                  3                 241.65                 27 / 28                    2922         2019-09-08 10:07:49:546                    0.1002                   1.5390                   9.8338             0.0028             0.0048             9.8066                0.0187               -0.0607               -0.0069                    -5.87                   -26.37                    30.31                        18.78                     -78.20                    -153.50
1                 52.40166                  -1.50529              147.5              5.57                  3                 241.65                 27 / 28                    3022         2019-09-08 10:07:49:646                    0.3661                  -0.5675                  10.2633             0.0112            -0.0054             9.8066               -0.0116               -0.0595               -0.0168                    -6.00                   -26.06                    29.81                        18.42                     -78.22                    -153.78
2                 52.40166                  -1.50529              147.5              5.57                  3                 241.65                 27 / 28                    3121         2019-09-08 10:07:49:745                    0.0257                   0.7192                   9.7339             0.0061            -0.0161             9.8065               -0.0143               -0.0524                0.0234                    -5.69                   -26.06                    30.56                        17.81                     -78.15                    -154.56
3                 52.40166                  -1.50529              147.5              5.57                  3                 241.65                 27 / 28                    3221         2019-09-08 10:07:49:845                    0.8207                  -0.5999                   9.7746             0.0024             0.0023             9.8066                0.0266               -0.0646                0.0316                    -5.81                   -26.56                    29.88                        17.45                     -78.07                    -154.73
4                 52.40166                  -1.50529              147.5              5.57                  3                 241.65                 27 / 28                    3322         2019-09-08 10:07:49:946                    0.6825                   0.0965                   9.6368             0.0051            -0.0157             9.8066               -0.0198               -0.0267               -0.0104                    -5.81                   -26.50                    29.63                        16.93                     -77.97                    -155.07
5                 52.40166                  -1.50529              147.5              5.57                  3                 241.65                 27 / 28                    3421         2019-09-08 10:07:50:045                    0.3605                   0.3625                   9.9840            -0.0032            -0.0038             9.8066                0.0631               -0.0595                0.0113                    -6.56                   -26.50                    29.81                        14.63                     -77.84                    -155.13
6                 52.40166                  -1.50529              147.5              5.57                  3                 241.65                 27 / 28                    3522         2019-09-08 10:07:50:146                    0.4613                   0.6275                   9.8064            -0.0005             0.0061             9.8066                0.0105               -0.0116               -0.0019                    -5.94                   -25.94                    29.88                        16.93                     -77.82                    -155.12
7                 52.40166                  -1.50529              147.5              5.57                  3                 241.65                 27 / 28                    3622         2019-09-08 10:07:50:246                    0.2006                   1.3535                   9.6703             0.0081             0.0096             9.8066               -0.0657                0.0044               -0.0377                    -6.31                   -27.12                    30.38                        17.57                     -77.86                    -154.71
8                 52.40166                  -1.50529              147.5              5.57                  3                 241.65                 27 / 28                    3722         2019-09-08 10:07:50:346                   -0.2899                   0.6331                   9.6904            -0.0150             0.0108             9.8065               -0.0288                0.0374               -0.0240                    -6.06                   -26.00                    29.56                        17.81                     -78.03                    -154.34
9                 52.40166                  -1.50529              147.5              5.57                  3                 241.65                 27 / 28                    3821         2019-09-08 10:07:50:445                    0.3603                   1.2992                   9.9784            -0.0044            -0.0101             9.8066               -0.1140                0.0384               -0.0364                    -6.12                   -26.44                    30.13                        18.51                     -78.11                    -153.74
10                52.40166                  -1.50529              147.5              5.57                  3                 241.65                 27 / 28                    3922         2019-09-08 10:07:50:546                   -0.4425                   0.8494                   9.8731             0.0034            -0.0196             9.8066               -0.1402                0.0217               -0.0265                    -5.75                   -26.50                    29.13                        18.23                     -78.13                    -153.69
11                52.40166                  -1.50529              147.5              5.57                  3                 241.65                 27 / 28                    4021         2019-09-08 10:07:50:645                   -0.3747                   2.8140                  11.3035            -0.0248             0.0196             9.8065                0.0668                0.0058               -0.0597                    -6.37                   -26.44                    29.38                        18.46                     -78.37                    -153.42
12                52.40166                  -1.50529              147.5              5.57                  3                 241.65                 27 / 28                    4121         2019-09-08 10:07:50:745                    0.5803                   0.5597                   9.8483             0.0133             0.0257             9.8065                0.0928               -0.0013               -0.0238                    -6.50                   -26.62                    29.94                        19.02                     -78.42                    -153.35
13                52.40166                  -1.50529              147.5              5.57                  3                 241.65                 27 / 28                    4221         2019-09-08 10:07:50:845                    0.9522                   0.9144                  10.0410            -0.0001            -0.0183             9.8066               -0.0164               -0.0317                0.0413                    -6.31                   -26.50                    30.31                        18.59                     -78.36                    -153.60
14                52.40166                  -1.50529              147.5              5.57                  3                 241.65                 27 / 28                    4321         2019-09-08 10:07:50:945                   -0.2890                   0.7632                   9.3697             0.0033            -0.0121             9.8066               -0.1155                0.0798               -0.0472                    -6.56                   -26.12                    30.13                        16.25                     -78.23                    -153.70
15                52.40166                  -1.50529              147.5              5.57                  3                 241.65                 27 / 28                    4422         2019-09-08 10:07:51:046                    2.0907                   2.2083                   9.6777             0.0075            -0.0039             9.8066               -0.0154               -0.0500                0.1050                    -6.56                   -26.06                    30.06                        16.21                     -78.30                    -153.71
16                52.40166                  -1.50529              147.5              5.57                  3                 241.65                 27 / 28                    4521         2019-09-08 10:07:51:145                    0.8095                   1.5868                  10.2490            -0.0229             0.0106             9.8065                0.0190                0.1389               -0.0674                    -6.56                   -26.69                    30.56                        18.00                     -78.26                    -152.70
17                52.40166                  -1.50529              147.5              5.57                  3                 241.65                 27 / 28                    4622         2019-09-08 10:07:51:246                   -0.2451                   1.6643                   9.9904             0.0027             0.0187             9.8066               -0.0168                0.0323               -0.0643                    -6.81                   -26.37                    30.00                        17.70                     -78.31                    -152.49
18                52.40166                  -1.50529              147.5              5.57                  3                 241.65                 27 / 28                    4721         2019-09-08 10:07:51:345                   -0.2453                   1.6826                   9.5951            -0.0125             0.0174             9.8065                0.0332                0.1052               -0.0976                    -6.87                   -26.62                    30.44                        18.30                     -78.47                    -152.07
19                52.40166                  -1.50529              147.5              5.57                  3                 241.65                 27 / 28                    4822         2019-09-08 10:07:51:446                    0.1397                   1.1485                   9.3860            -0.0038             0.0003             9.8066               -0.0296                0.0533               -0.0057                    -7.19                   -26.31                    30.75                        18.04                     -78.44                    -152.50